# LED States:
#  closed = 0
#  open = 1
#  energized = 2
#  fault = 3
#  off = 4
#  breaker_failure = 5
import main

# this document is formatted for readability and doesn't follow the formatting rules of python
# theses are copies of the definitions for the fault objects that are in the code, this is here for easier readability of the
# object definitions. Changes in this document do not change the functioning of the code.

fault1 = Faults("Transmission Fault (644)", ["Normal State", "Fault", "Isolation", "Return to Normal"], [1000, 1000, 1000, 1000],
[
    [2, 2, 2, 0, 0, 0, 1, 2, 0, 2, 0, 0, 2, 0, 2, 0, 2, 0, 2, 0, 0, 2, 0, 2, 0, 0, 0, 2, 2, 2, 2, 2, 2, 2, 2, 2, 2, 2, 2, 2, 2, 2, 0, 2, 2, 2, 2],
    [2, 2, 2, 0, 0, 0, 1, 2, 0, 2, 0, 0, 2, 0, 2, 0, 2, 0, 3, 0, 0, 2, 0, 2, 0, 0, 0, 2, 2, 2, 2, 2, 2, 2, 2, 2, 2, 2, 2, 2, 2, 2, 0, 2, 2, 2, 2],
    [2, 2, 2, 0, 0, 0, 1, 2, 0, 2, 0, 0, 2, 0, 2, 0, 2, 1, 4, 0, 0, 2, 0, 2, 0, 0, 0, 2, 2, 2, 2, 2, 2, 2, 2, 2, 2, 2, 2, 2, 2, 2, 0, 2, 2, 2, 2],
    [2, 2, 2, 0, 0, 0, 1, 2, 0, 2, 0, 0, 2, 0, 2, 0, 2, 0, 2, 0, 0, 2, 0, 2, 0, 0, 0, 2, 2, 2, 2, 2, 2, 2, 2, 2, 2, 2, 2, 2, 2, 2, 0, 2, 2, 2, 2]
]
)

fault2 = Faults("Transmission Fault & Breaker Failure", ["Normal State", "Fault", "Breaker Failure", "Isolation/SA", "Return to Normal"],
[2000, 2000, 2000, 2000, 2000],
[
    [2, 2, 2, 0, 0, 0, 1, 2, 0, 2, 0, 0, 2, 0, 2, 0, 2, 0, 2, 0, 0, 2, 0, 2, 0, 0, 0, 2, 2, 2, 2, 2, 2, 2, 2, 2, 2, 2, 2, 2, 2, 2, 0, 2, 2, 2, 2],
    [2, 2, 2, 0, 0, 0, 1, 2, 0, 2, 0, 0, 2, 0, 2, 0, 2, 0, 3, 0, 0, 2, 0, 2, 0, 0, 0, 2, 2, 2, 2, 2, 2, 2, 2, 2, 2, 2, 2, 2, 2, 2, 0, 2, 2, 2, 2],
    [2, 2, 2, 0, 0, 0, 1, 2, 0, 2, 0, 0, 2, 0, 2, 0, 2, 5, 3, 0, 0, 2, 0, 2, 0, 0, 0, 2, 2, 2, 2, 2, 2, 2, 2, 2, 2, 2, 2, 2, 2, 2, 0, 2, 2, 2, 2],
    [2, 2, 2, 0, 0, 0, 0, 2, 0, 2, 0, 0, 2, 0, 2, 1, 4, 5, 4, 1, 1, 4, 1, 2, 0, 0, 0, 2, 2, 2, 2, 2, 2, 2, 2, 2, 2, 2, 2, 2, 2, 2, 0, 2, 2, 2, 2],
    [2, 2, 2, 0, 0, 0, 1, 2, 0, 2, 0, 0, 2, 0, 2, 0, 2, 0, 2, 0, 0, 2, 0, 2, 0, 0, 0, 2, 2, 2, 2, 2, 2, 2, 2, 2, 2, 2, 2, 2, 2, 2, 0, 2, 2, 2, 2]
]
)


fault3 = Faults("69 kV Bus #1 Fault", ['Normal State', 'Fault',	'Isolation/SA', 'Return to Normal'],
[2000, 2000, 2000, 2000, 2000],
[
    [2, 2, 2, 0, 0, 0, 1, 2, 0, 2, 0, 0, 2, 0, 2, 0, 2, 0, 2, 0, 0, 2, 0, 2, 0, 0, 0, 2, 2, 2, 2, 2, 2, 2, 2, 2, 2, 2, 2, 2, 2, 2, 0, 2, 2, 2, 2],
    [2, 2, 2, 0, 0, 0, 1, 2, 0, 2, 0, 0, 2, 0, 2, 0, 3, 0, 2, 0, 0, 2, 0, 2, 0, 0, 0, 2, 2, 2, 2, 2, 2, 2, 2, 2, 2, 2, 2, 2, 2, 2, 0, 2, 2, 2, 2],
    [2, 2, 2, 0, 0, 0, 0, 2, 0, 2, 0, 0, 2, 0, 2, 1, 4, 1, 4, 1, 1, 2, 1, 2, 0, 0, 0, 2, 2, 2, 2, 2, 2, 2, 2, 2, 2, 2, 2, 2, 2, 2, 0, 2, 2, 2, 2],
    [2, 2, 2, 0, 0, 0, 1, 2, 0, 2, 0, 0, 2, 0, 2, 0, 2, 0, 2, 0, 0, 2, 0, 2, 0, 0, 0, 2, 2, 2, 2, 2, 2, 2, 2, 2, 2, 2, 2, 2, 2, 2, 0, 2, 2, 2, 2]
]
)

fault4 = Faults('Transformer #1 Fault', ['Normal state', 'Fault', 'Isolation', 'Return to normal'],
[2000, 2000, 2000, 2000],
[
    [2, 2, 2, 0, 0, 0, 1, 2, 0, 2, 0, 0, 2, 0, 2, 0, 2, 0, 2, 0, 0, 2, 0, 2, 0, 0, 0, 2, 2, 2, 2, 2, 2, 2, 2, 2, 2, 2, 2, 2, 2, 2, 0, 2, 2, 2, 2],
    [2, 2, 2, 0, 0, 0, 1, 2, 0, 2, 0, 0, 2, 0, 2, 0, 2, 0, 2, 0, 0, 3, 0, 2, 0, 0, 0, 2, 2, 2, 2, 2, 2, 2, 2, 2, 2, 2, 2, 2, 2, 2, 0, 2, 2, 2, 2],
    [2, 2, 2, 0, 0, 0, 0, 2, 0, 2, 0, 0, 2, 0, 2, 0, 2, 0, 2, 0, 1, 4, 1, 2, 0, 0, 0, 2, 2, 2, 2, 2, 2, 2, 2, 2, 2, 2, 2, 2, 2, 2, 0, 2, 2, 2, 2],
    [2, 2, 2, 0, 0, 0, 1, 2, 0, 2, 0, 0, 2, 0, 2, 0, 2, 0, 2, 0, 0, 2, 0, 2, 0, 0, 0, 2, 2, 2, 2, 2, 2, 2, 2, 2, 2, 2, 2, 2, 2, 2, 0, 2, 2, 2, 2]
]
)

fault5 = Faults('12kV Bus #1 Fault', ['Normal State', 'Fault', 'Isolation', 'Return to Normal'],
[2000, 2000, 2000, 2000],
[
     [2, 2, 2, 0, 0, 0, 1, 2, 0, 2, 0, 0, 2, 0, 2, 0, 2, 0, 2, 0, 0, 2, 0, 2, 0, 0, 0, 2, 2, 2, 2, 2, 2, 2, 2, 2, 2, 2, 2, 2, 2, 2, 0, 2, 2, 2, 2],
     [2, 2, 2, 0, 0, 0, 1, 2, 0, 2, 0, 0, 2, 0, 2, 0, 2, 0, 2, 0, 0, 2, 0, 3, 0, 0, 0, 2, 2, 2, 2, 2, 2, 2, 2, 2, 2, 2, 2, 2, 2, 2, 0, 2, 2, 2, 2],
     [2, 2, 2, 0, 0, 0, 1, 2, 0, 2, 0, 0, 2, 0, 2, 0, 2, 0, 2, 0, 0, 2, 1, 4, 1, 1, 1, 4, 4, 4, 4, 4, 4, 4, 4, 4, 2, 2, 2, 2, 2, 2, 0, 2, 2, 2, 2],
     [2, 2, 2, 0, 0, 0, 1, 2, 0, 2, 0, 0, 2, 0, 2, 0, 2, 0, 2, 0, 0, 2, 0, 2, 0, 0, 0, 2, 2, 2, 2, 2, 2, 2, 2, 2, 2, 2, 2, 2, 2, 2, 0, 2, 2, 2, 2]
]
)

fault6 = Faults('12kV Feeder Fault (334)', ['Normal State', 'Fault', 'Trip 1', 'Reclose 1', 'Trip 2', 'Reclose 2', 'Trip 3', 'Reclose 3', 'Trip 4/ LO'],
[2000, 2000, 2000, 2000, 2000, 2000, 2000, 2000, 2000],
[
     [2, 2, 2, 0, 0, 0, 1, 2, 0, 2, 0, 0, 2, 0, 2, 0, 2, 0, 2, 0, 0, 2, 0, 2, 0, 0, 0, 2, 2, 2, 2, 2, 2, 2, 2, 2, 2, 2, 2, 2, 2, 2, 0, 2, 2, 2, 2],
     [2, 2, 2, 0, 0, 0, 1, 2, 0, 2, 0, 0, 2, 0, 2, 0, 2, 0, 2, 0, 0, 2, 0, 2, 0, 0, 0, 2, 2, 3, 2, 2, 2, 2, 2, 2, 2, 2, 2, 2, 2, 2, 0, 2, 2, 2, 2],
     [2, 2, 2, 0, 0, 0, 1, 2, 0, 2, 0, 0, 2, 0, 2, 0, 2, 0, 2, 0, 0, 2, 0, 2, 1, 0, 0, 2, 2, 4, 4, 4, 4, 4, 4, 4, 2, 2, 2, 2, 2, 2, 0, 2, 2, 2, 2],
     [2, 2, 2, 0, 0, 0, 1, 2, 0, 2, 0, 0, 2, 0, 2, 0, 2, 0, 2, 0, 0, 2, 0, 2, 0, 0, 0, 2, 2, 3, 2, 2, 2, 2, 2, 2, 2, 2, 2, 2, 2, 2, 0, 2, 2, 2, 2],
     [2, 2, 2, 0, 0, 0, 1, 2, 0, 2, 0, 0, 2, 0, 2, 0, 2, 0, 2, 0, 0, 2, 0, 2, 1, 0, 0, 2, 2, 4, 4, 4, 4, 4, 4, 4, 2, 2, 2, 2, 2, 2, 0, 2, 2, 2, 2],
     [2, 2, 2, 0, 0, 0, 1, 2, 0, 2, 0, 0, 2, 0, 2, 0, 2, 0, 2, 0, 0, 2, 0, 2, 0, 0, 0, 2, 2, 3, 2, 2, 2, 2, 2, 2, 2, 2, 2, 2, 2, 2, 0, 2, 2, 2, 2],
     [2, 2, 2, 0, 0, 0, 1, 2, 0, 2, 0, 0, 2, 0, 2, 0, 2, 0, 2, 0, 0, 2, 0, 2, 1, 0, 0, 2, 2, 4, 4, 4, 4, 4, 4, 4, 2, 2, 2, 2, 2, 2, 0, 2, 2, 2, 2],
     [2, 2, 2, 0, 0, 0, 1, 2, 0, 2, 0, 0, 2, 0, 2, 0, 2, 0, 2, 0, 0, 2, 0, 2, 0, 0, 0, 2, 2, 3, 2, 2, 2, 2, 2, 2, 2, 2, 2, 2, 2, 2, 0, 2, 2, 2, 2],
     [2, 2, 2, 0, 0, 0, 1, 2, 0, 2, 0, 0, 2, 0, 2, 0, 2, 0, 2, 0, 0, 2, 0, 2, 1, 0, 0, 2, 2, 4, 4, 4, 4, 4, 4, 4, 2, 2, 2, 2, 2, 2, 0, 2, 2, 2, 2]
]
)

fault7 = Faults('Feeder W/ Recloser Fault', ['Normal State', 'Fault', 'Trip 1', 'Reclose 1', 'Trip 2', 'Reclose 2', 'Trip 3', 'Reclose 3', 'Trip 4/ LO'],
[2000, 2000, 2000, 2000, 2000, 2000, 2000, 2000, 2000],
[
     [2, 2, 2, 0, 0, 0, 1, 2, 0, 2, 0, 0, 2, 0, 2, 0, 2, 0, 2, 0, 0, 2, 0, 2, 0, 0, 0, 2, 2, 2, 2, 2, 2, 2, 2, 2, 2, 2, 2, 2, 2, 2, 0, 2, 2, 2, 2],
     [2, 2, 2, 0, 0, 0, 1, 2, 0, 2, 0, 0, 2, 0, 2, 0, 2, 0, 2, 0, 0, 2, 0, 2, 0, 0, 0, 2, 2, 2, 2, 2, 2, 2, 2, 2, 2, 2, 3, 2, 2, 2, 0, 2, 2, 2, 2],
     [2, 2, 2, 0, 0, 0, 1, 2, 0, 2, 0, 0, 2, 0, 2, 0, 2, 0, 2, 0, 0, 2, 0, 2, 0, 0, 0, 2, 2, 2, 2, 2, 2, 2, 2, 2, 4, 4, 4, 4, 4, 4, 1, 2, 2, 2, 2],
     [2, 2, 2, 0, 0, 0, 1, 2, 0, 2, 0, 0, 2, 0, 2, 0, 2, 0, 2, 0, 0, 2, 0, 2, 0, 0, 0, 2, 2, 2, 2, 2, 2, 2, 2, 2, 2, 2, 3, 2, 2, 2, 0, 2, 2, 2, 2],
     [2, 2, 2, 0, 0, 0, 1, 2, 0, 2, 0, 0, 2, 0, 2, 0, 2, 0, 2, 0, 0, 2, 0, 2, 0, 0, 0, 2, 2, 2, 2, 2, 2, 2, 2, 2, 4, 4, 4, 4, 4, 4, 1, 2, 2, 2, 2],
     [2, 2, 2, 0, 0, 0, 1, 2, 0, 2, 0, 0, 2, 0, 2, 0, 2, 0, 2, 0, 0, 2, 0, 2, 0, 0, 0, 2, 2, 2, 2, 2, 2, 2, 2, 2, 2, 2, 3, 2, 2, 2, 0, 2, 2, 2, 2],
     [2, 2, 2, 0, 0, 0, 1, 2, 0, 2, 0, 0, 2, 0, 2, 0, 2, 0, 2, 0, 0, 2, 0, 2, 0, 0, 0, 2, 2, 2, 2, 2, 2, 2, 2, 2, 4, 4, 4, 4, 4, 4, 1, 2, 2, 2, 2],
     [2, 2, 2, 0, 0, 0, 1, 2, 0, 2, 0, 0, 2, 0, 2, 0, 2, 0, 2, 0, 0, 2, 0, 2, 0, 0, 0, 2, 2, 2, 2, 2, 2, 2, 2, 2, 2, 2, 3, 2, 2, 2, 0, 2, 2, 2, 2],
     [2, 2, 2, 0, 0, 0, 1, 2, 0, 2, 0, 0, 2, 0, 2, 0, 2, 0, 2, 0, 0, 2, 0, 2, 0, 0, 0, 2, 2, 2, 2, 2, 2, 2, 2, 2, 4, 4, 4, 4, 4, 4, 1, 2, 2, 2, 2]
]
)

fault8 = Faults('Feeder W/ Recloser Fault 2', ['Normal State', 'Fault', 'Trip 1', 'Reclose 1', 'Trip 2', 'Reclose 2', 'Trip 3', 'Reclose 3', 'Trip 4/ LO'],
[2000, 2000, 2000, 2000, 2000, 2000, 2000, 2000, 2000],
[
     [2, 2, 2, 0, 0, 0, 1, 2, 0, 2, 0, 0, 2, 0, 2, 0, 2, 0, 2, 0, 0, 2, 0, 2, 0, 0, 0, 2, 2, 2, 2, 2, 2, 2, 2, 2, 2, 2, 2, 2, 2, 2, 0, 2, 2, 2, 2],
     [2, 2, 2, 0, 0, 0, 1, 2, 0, 2, 0, 0, 2, 0, 2, 0, 2, 0, 2, 0, 0, 2, 0, 2, 0, 0, 0, 2, 2, 2, 2, 2, 2, 2, 2, 2, 2, 2, 2, 2, 2, 3, 0, 2, 2, 2, 2],
     [2, 2, 2, 0, 0, 0, 1, 2, 0, 2, 0, 0, 2, 0, 2, 0, 2, 0, 2, 0, 0, 2, 0, 2, 0, 0, 0, 2, 2, 2, 2, 2, 2, 2, 2, 2, 2, 2, 2, 2, 4, 4, 1, 2, 2, 2, 2],
     [2, 2, 2, 0, 0, 0, 1, 2, 0, 2, 0, 0, 2, 0, 2, 0, 2, 0, 2, 0, 0, 2, 0, 2, 0, 0, 0, 2, 2, 2, 2, 2, 2, 2, 2, 2, 2, 2, 2, 2, 2, 3, 0, 2, 2, 2, 2],
     [2, 2, 2, 0, 0, 0, 1, 2, 0, 2, 0, 0, 2, 0, 2, 0, 2, 0, 2, 0, 0, 2, 0, 2, 0, 0, 0, 2, 2, 2, 2, 2, 2, 2, 2, 2, 2, 2, 2, 2, 4, 4, 1, 2, 2, 2, 2],
     [2, 2, 2, 0, 0, 0, 1, 2, 0, 2, 0, 0, 2, 0, 2, 0, 2, 0, 2, 0, 0, 2, 0, 2, 0, 0, 0, 2, 2, 2, 2, 2, 2, 2, 2, 2, 2, 2, 2, 2, 2, 3, 0, 2, 2, 2, 2],
     [2, 2, 2, 0, 0, 0, 1, 2, 0, 2, 0, 0, 2, 0, 2, 0, 2, 0, 2, 0, 0, 2, 0, 2, 0, 0, 0, 2, 2, 2, 2, 2, 2, 2, 2, 2, 2, 2, 2, 2, 4, 4, 1, 2, 2, 2, 2],
     [2, 2, 2, 0, 0, 0, 1, 2, 0, 2, 0, 0, 2, 0, 2, 0, 2, 0, 2, 0, 0, 2, 0, 2, 0, 0, 0, 2, 2, 2, 2, 2, 2, 2, 2, 2, 2, 2, 2, 2, 2, 3, 0, 2, 2, 2, 2],
     [2, 2, 2, 0, 0, 0, 1, 2, 0, 2, 0, 0, 2, 0, 2, 0, 2, 0, 2, 0, 0, 2, 0, 2, 0, 0, 0, 2, 2, 2, 2, 2, 2, 2, 2, 2, 2, 2, 2, 2, 4, 4, 1, 2, 2, 2, 2]
]
)
